-rw-r--r--	2000
-rw-rw-r--	28000
0	200
08:21	4000
08:24	4000
09:03	2000
09:05	2000
09:38	4000
09:41	2000
09:43	2000
09:45	2000
09:49	2000
1	30000
10402	200
11914	200
124	200
128	400
13	2000
131	4000
132	600
13426	200
136	600
138	4000
14	2000
140	200
1486	200
15	2000
15:25	4000
15:52	2000
15:59	2000
166	2000
16:14	400
16:16	200
16:18	1400
18	2000
18:57	2000
1958	2000
2	14000
2015	16000
22	6000
23	6000
24	16000
26	16000
28	4000
2972	200
3	2000
4096	22000
4458	200
49	2000
56	4000
5944	200
64	2000
7	2000
7430	200
84	2000
8453	4000
8916	200
8980	2000
Apr	16000
ClassPrograms	2000
Desktop	1999
Desktoptotal	1
Documents	2000
Document~	2000
Downloads	2000
May	36000
Music	2000
Pictures	2000
Public	2000
Templates	2000
Untitled	2000
Videos	2000
YARN	1802
YARNtotal	198
drwxr-xr-x	16000
drwxrwxr-x	6000
examples.desktop	2000
file.txt	2000
file.txt~	2000
osboxes	104000
s	2000
sample	2000
sample~	2000
s~	2000
test4	2000
test4~	2000
test5	2000
test5~	2000
total	1801
wiki.txt	2000
wiki.txt.gz	2000
wiki.txt~	2000
workspace	2000
